0.974334
0.00274667
0.899777
0.321665
0.0369579
0.488754
0.218696
0.637593
0.460463
0.53621
0.827692
0.441481
0.501999
0.0144963
0.695151
0.597949
0.757927
0.0650044
0.106479
0.622486
0.0668661
0.515793
0.0448927
0.663594
0.188971
0.97
0.550981
0.549272
0.291025
0.474502
0.341838
0.0542619
0.769951
0.174902
0.471603
0.0442518
0.445387
0.862911
0.313761
0.653127
0.652455
0.822565
0.647298
0.149785
0.266366
0.881863
0.127506
0.650868
0.189886
0.0752586
0.922941
0.334971
0.334788
0.824152
0.799249
0.315531
0.628925
0.0408338
0.432112
0.827906
0.0796838
0.0628071
0.229408
0.887082
0.425733
0.823328
0.444807
0.0726035
0.4073
0.164342
0.863186
0.596606
0.187536
0.698752
0.839991
0.311075
0.954924
0.126988
0.975249
0.811213
0.23896
0.415845
0.203314
0.290292
0.969848
0.744041
0.580309
0.303293
0.81344
0.622059
0.54973
0.0943327
0.813196
0.0920743
0.968047
0.645314
0.869625
0.414045
0.671133
0.10123
0.0890225
0.144353
0.863277
0.729026
0.532762
0.0136113
0.109134
0.0652486
0.397961
0.509018
0.211219
0.410291
0.161199
0.568529
0.752617
0.32371
0.716361
0.292306
0.587573
0.278451
0.0376904
0.0781274
0.0603046
0.129063
0.399945
0.0869167
0.23365
0.55092
0.685842
0.44438
0.908689
0.106021
0.813044
0.0853908
0.716636
0.0925932
0.811457
0.647359
0.0643635
0.833522
0.58211
0.318186
0.214576
0.560686
0.869045
0.0461745
0.281961
0.551653
0.475021
0.0170293
0.42674
0.673879
0.253151
0.804865
0.0266427
0.993927
0.904691
0.103275
0.108615
0.607044
0.114872
0.442915
0.821741
0.344035
0.0580767
0.801172
0.232124
0.51088
0.803095
0.511277
0.221534
0.318155
0.650166
0.376019
0.770775
0.156194
0.930998
0.393017
0.408856
0.371807
0.302713
0.997589
0.109806
0.703665
0.0674459
0.229163
0.417707
0.0318003
0.548326
0.728324
0.0814234
0.598163
0.0534684
0.969451
0.980895
0.353587
0.459212
0.636647
0.624836
0.588519
0.94351
0.548051
0.00277718
0.502915
0.901212
0.0353099
0.0714133
0.871853
0.571947
0.184484
0.656972
0.463149
0.41258
0.844539
0.0549944
0.36317
0.74453
0.809381
0.108707
0.867122
0.70809
0.0803858
0.0468764
0.0899075
0.0545671
0.61504
0.862911
0.954283
0.807672
0.468062
0.516068
0.71157
0.324717
0.731559
0.736473
0.652638
0.790521
0.18009
0.714408
0.163945
0.673025
0.0272835
0.45616
0.785882
0.173986
0.699759
0.0867031
0.429029
0.204474
0.0349132
0.881191
0.405286
0.917386
0.809198
0.305979
0.429243
0.327464
0.0019837
0.850856
0.246895
0.0509049
0.702872
0.93347
0.0471816
0.695059
0.0668661
0.657186
0.313456
0.929716
0.225654
0.703909
0.270028
0.771569
0.559343
0.142674
0.581439
0.112552
0.236305
0.435713
0.45909
0.0237739
0.426618
0.422864
0.833094
0.865932
0.0956145
0.565996
0.744316
0.737571
0.783929
0.234046
0.613575
0.292764
0.279763
0.310801
0.543962
0.459029
0.590411
0.90585
0.312754
0.086581
0.118503
0.450331
0.20893
0.0611591
0.449843
0.958953
0.372539
0.910215
0.658589
0.738945
0.792474
0.435102
0.536424
0.327738
0.61858
0.39967
0.651875
0.940458
0.944578
0.806635
0.645619
0.208014
0.717612
0.793268
0.668783
0.488205
0.931578
0.677419
0.369793
0.529527
0.759239
0.185247
0.336467
0.770287
0.780694
0.391675
0.399213
0.0535905
0.963164
0.405042
0.702139
0.0395825
0.549516
0.327342
0.94763
0.0960723
0.511002
0.520829
0.721305
0.949156
0.720634
0.712638
0.30311
0.87463
0.503586
0.968566
0.87112
0.712027
0.720969
0.0672933
0.503922
0.481613
0.0427259
0.306009
0.888577
0.886715
0.566546
0.269204
0.139164
0.481643
0.438459
0.591479
0.633839
0.787194
0.631855
0.245674
0.274697
0.134342
0.54088
0.387799
0.0785852
0.518082
0.54445
0.289773
0.503769
0.24189
0.197333
0.391247
0.419202
0.634816
0.204443
0.00192267
0.122898
0.621723
0.834437
0.685415
0.315043
0.428724
0.929136
0.856136
0.432661
0.204199
0.164922
0.620136
0.251778
0.837397
0.722373
0.391491
0.163396
0.755303
0.0199591
0.315348
0.0296335
0.979553
0.66924
0.0285958
0.0260933
0.224128
0.305979
0.790094
0.376812
0.315409
0.455489
0.510849
0.388073
0.715751
0.0866726
0.71633
0.68746
0.431776
0.0121769
0.971038
0.0738243
0.0887478
0.790307
0.797876
0.885311
0.452193
0.285104
0.622486
0.29075
0.177892
0.541307
0.774377
0.411634
0.0720542
0.129337
0.0757775
0.679983
0.641896
0.617786
0.0500198
0.338878
0.218909
0.328806
0.279885
0.492141
0.435774
0.0331431
0.947783
0.608631
0.337474
0.740806
0.0887478
0.88815
0.908933
0.243446
0.587878
0.394971
0.299753
0.565508
0.452589
0.364971
0.527451
0.979186
0.392071
0.592975
0.940428
0.740501
0.234321
0.306406
0.221961
0.202368
0.212378
0.431654
0.216681
0.460402
0.651082
0.658925
0.36021
0.188757
0.0850856
0.2125
0.993744
0.821253
0.340403
0.732322
0.344676
0.734672
0.609485
0.172674
0.454604
0.590106
0.0518815
0.125584
0.835414
0.489029
0.951933
0.473281
0.135594
0.0996124
0.963469
0.777764
0.597461
0.410535
0.474654
0.312571
0.586291
0.267495
0.622669
0.143559
0.973632
0.34959
0.989868
0.164464
0.654683
0.741081
0.513352
0.494217
0.982238
0.755333
0.638356
0.141514
0.397412
0.166814
0.246895
0.343333
0.0395215
0.507675
0.393567
0.483505
0.614948
0.584887
0.378613
0.997589
0.307627
0.874416
0.190588
0.170415
0.0115665
0.948607
0.849239
0.232429
0.666921
0.593066
0.679922
0.661
0.980773
0.769097
0.0511795
0.093112
0.313913
0.0781884
0.606342
0.755821
0.0151677
0.884732
0.520249
0.820246
0.983795
0.753136
0.813044
0.585772
0.741935
0.355663
0.251595
0.900662
0.798059
0.507248
0.870235
0.725089
0.582629
0.483413
0.64156
0.243141
0.737236
0.277841
0.329295
0.429853
0.0385754
0.955382
0.0537736
0.479385
0.738517
0.757195
0.601642
0.0011597
0.601093
0.1142
0.0108036
0.389538
0.418439
0.224677
0.462447
0.273507
0.286325
0.352702
0.0103153
0.453047
0.420545
0.503708
0.179754
0.227821
0.79577
0.632984
0.966704
0.524644
0.38789
0.0437635
0.268349
0.730125
0.301096
0.131138
0.27723
0.634785
0.56093
0.127537
0.868587
0.394452
0.85461
0.00686666
0.51381
0.915738
0
0.202795
0.750298
0.571368
0.424207
0.297891
0.739067
0.65215
0.433119
0.339579
0.941801
0.461135
0.553575
0.939482
0.44789
0.456984
0.728507
0.812067
0.983673
0.352062
0.647389
0.909024
0.133885
0.572192
0.992309
0.805719
0.807825
0.983734
0.881466
0.49559
0.480636
0.294534
0.291177
0.249306
0.241249
0.0352489
0.737815
0.694418
0.178259
0.526414
0.000152593
0.771935
0.134983
0.738701
0.164922
0.726402
0.364757
0.451552
0.775018
0.785028
0.118015
0.617206
0.362896
0.682791
0.692343
0.335795
0.15009
0.689383
0.976257
0.348308
0.193579
0.294443
0.018952
0.453017
0.76101
0.20716
0.656301
0.752342
0.215644
0.826685
0.724693
0.135746
0.192145
0.839137
0.894436
0.905515
0.34489
0.0985137
0.653035
0.951018
0.449446
0.446364
0.470534
0.378338
0.139286
0.627461
0.67745
0.00106815
0.0579852
0.957488
0.0869778
0.598865
0.70922
0.898831
0.892697
0.349406
0.784722
0.20069
0.872585
0.341014
0.25251
0.760369
0.431257
0.571184
0.985961
0.860744
0.511307
0.337748
0.214789
0.941801
0.904782
0.429182
0.580248
0.56093
0.99649
0.0194708
0.0744041
0.699362
0.470321
0.674734
0.645955
0.0702536
0.00943022
0.377209
0.7528
0.585314
0.522019
0.973205
0.643757
0.635395
0.923582
0.950987
0.649464
0.342387
0.00726341
0.955016
0.264565
0.437574
0.43321
0.942961
0.302255
0.92349
0.368267
0.391247
0.902036
0.174902
0.807459
0.455947
0.672475
0.636067
0.10831
0.494644
0.750114
0.769189
0.769219
0.856441
0.0550554
0.411786
0.983337
0.345134
0.525925
0.198004
0.998993
0.26307
0.613727
0.200934
0.818171
0.440809
0.817377
0.451735
0.263833
0.159795
0.541093
0.49205
0.948057
0.373577
0.0555742
0.61568
0.17127
0.13422
0.843867
0.956359
0.285012
0.630055
0.112888
0.0769372
0.548235
0.740898
0.752983
0.217353
0.00927763
0.517258
0.525193
0.856563
0.444746
0.489486
0.758873
0.745445
0.885678
0.213416
0.339854
0.0665304
0.763237
0.958281
0.271371
0.877224
0.204932
0.943785
0.588122
0.491867
0.51204
0.032136
0.905179
0.960234
0.350322
0.281381
0.383007
0.297464
0.684591
0.266152
0.389752
0.622394
0.988861
0.572771
0.641835
0.860347
0.763085
0.373669
0.104587
0.16654
0.887783
0.488876
0.433851
0.726615
0.847652
0.839595
0.239479
0.0899991
0.355937
0.700735
0.952971
0.693381
0.410047
0.658742
0.579363
0.729057
0.310282
0.680288
0.11539
0.0159612
0.672658
0.199103
0.914823
0.0284738
0.967162
0.626179
0.782311
0.73986
0.612415
0.190222
0.0769982
0.436201
0.158666
0.514481
0.60741
0.157689
0.589587
0.836207
0.597949
0.922666
0.274361
0.274545
0.509751
0.391339
0.601856
0.0542314
0.995575
0.12534
0.827296
0.0897549
0.771233
0.0989105
0.163121
0.837855
0.68392
0.618549
0.645589
0.823267
0.759362
0.306864
0.807428
0.745079
0.508377
0.307596
0.688925
0.568865
0.27485
0.366924
0.217811
0.511856
0.905698
0.948637
0.489761
0.32664
0.524339
0.0381481
0.980346
0.790216
0.689199
0.792932
0.219916
0.80398
0.717917
0.694052
0.962889
0.0116581
0.459029
0.356609
0.381848
0.341014
0.291971
0.654439
0.319071
0.375378
0.637196
0.315104
0.125156
0.961791
0.756737
0.642628
0.117313
0.961516
0.127689
0.52266
0.187902
0.549638
0.168828
0.367473
0.594501
0.969481
0.601886
0.156804
0.463027
0.14835
0.229163
0.230232
0.0349742
0.0811792
0.408338
0.988128
0.189856
0.387677
0.00543229
0.156743
0.274575
0.949553
0.108219
0.774468
0.77044
0.0342723
0.279824
0.554399
0.829402
0.811396
0.635395
0.780755
0.210822
0.667379
0.521622
0.394177
0.649709
0.225959
0.0815149
0.423322
0.18775
0.479598
0.484909
0.417737
0.498886
0.938322
0.106296
0.0395825
0.739799
0.202765
0.431227
0.469375
0.957396
0.867244
0.972533
0.782525
0.583941
0.158727
0.977264
0.953032
0.0515152
0.21894
0.206305
0.640126
0.0568255
0.43498
0.567339
0.414441
0.507492
0.725089
0.88229
0.580004
0.681417
0.185614
0.571306
0.248024
0.630207
0.00601215
0.533647
0.818995
0.358043
0.0570391
0.00708029
0.529069
0.807184
0.0593585
0.687338
0.217505
0.181127
0.73867
0.888272
0.970641
0.637501
0.872951
0.0243233
0.79928
0.88049
0.638905
0.196814
0.00558489
0.685751
0.163274
0.164556
0.395642
0.887631
0.68569
0.480819
0.993805
0.860836
0.238777
0.0773034
0.415326
0.0272835
0.252449
0.0769677
0.55388
0.419874
0.988098
0.116214
0.738853
0.833827
0.208899
0.958434
0.0205084
0.597308
0.993347
0.679495
0.737938
0.492538
0.0966521
0.20719
0.026307
0.858486
0.768365
0.49501
0.420301
0.406232
0.430158
0.112094
0.20893
0.778863
0.122105
0.530564
0.699057
0.386425
0.122318
0.891202
0.0430006
0.547716
0.646809
0.528977
0.787164
0.469893
0.0355235
0.039552
0.797266
0.0971709
0.331309
0.168157
0.717093
0.360057
0.657247
0.301859
0.616535
0.856044
0.299356
0.846553
0.985321
0.493362
0.900754
0.270089
0.728751
0.128727
0.672872
0.0928373
0.321726
0.730644
0.0310984
0.60622
0.777032
0.0991241
0.560167
0.60155
0.584429
0.673635
0.715842
0.889737
0.276711
0.45967
0.169378
0.892972
0.779015
0.606342
0.200659
0.0903958
0.197302
0.664998
0.0465712
0.598254
0.203131
0.0613117
0.610401
0.666005
0.669637
0.81106
0.439161
0.369823
0.716239
0.0113224
0.374584
0.284738
0.817713
0.138829
0.784112
0.416272
0.133793
0.685507
0.778405
0.173193
0.715964
0.163518
0.321238
0.662679
0.747124
0.0108646
0.638417
0.0886868
0.471114
0.428175
0.831538
0.5356
0.96765
0.678793
0.103275
0.917234
0.429304
0.882717
0.500351
0.373516
0.0966521
0.836207
0.57973
0.89584
0.508042
0.887783
0.905789
0.461653
0.219703
0.402234
0.783013
0.460555
0.65331
0.843776
0.13187
0.692404
0.226173
0.00949126
0.913053
0.718894
0.421522
0.444655
0.00698874
0.850246
0.953887
0.570544
0.954924
0.547441
0.686697
0.55681
0.466994
0.522111
0.458388
0.4691
0.104801
0.314707
0.472274
0.723136
0.0435499
0.632496
0.407819
0.376812
0.32075
0.228614
0.908353
0.291635
0.477493
0.603473
0.602222
0.694266
0.998444
0.309305
0.313486
0.169713
0.457015
0.139988
0.618091
0.617725
0.771874
0.986602
0.402051
0.202795
0.480941
0.640095
0.578021
0.830287
0.439314
0.322825
0.615986
0.17832
0.847133
0.229774
0.0450453
0.818445
0.013947
0.860439
0.581896
0.454665
0.765587
0.423505
0.0423902
0.81344
0.899747
0.0945769
0.693136
0.214972
0.596881
0.409101
0.197882
0.357646
0.192145
0.570879
0.816828
0.346294
0.215339
0.958129
0.0133976
0.496078
0.104007
0.60799
0.125889
0.943113
0.497391
0.960814
0.25959
0.592608
0.51616
0.645314
0.056032
0.436567
0.934874
0.586291
0.495285
0.771569
0.65334
0.215613
0.387829
0.348247
0.373089
0.0679342
0.712027
0.984008
0.884976
0.542711
0.453688
0.669149
0.874477
0.113224
0.103671
0.69921
0.650899
0.764153
0.470046
0.863399
0.706534
0.939085
0.960875
0.221046
0.512162
0.778802
0.99414
0.497391
0.455275
0.932005
0.690573
0.629414
0.326823
0.719474
0.506241
0.493606
0.263466
0.933134
0.960601
0.346538
0.550737
0.0507828
0.116642
0.00949126
0.193976
0.148564
0.969207
0.328562
0.663228
0.291574
0.397687
0.941404
0.717917
0.684408
0.839534
0.881771
0.71807
0.362682
0.340709
0.0533769
0.328043
0.70687
0.139195
0.104038
0.0191046
0.559587
0.438246
0.731376
0.277047
0.227577
0.524857
0.951445
0.92114
0.150029
0.890866
0.361766
0.440687
0.513657
0.511582
0.929319
0.755516
0.596759
0.93936
0.33552
0.306223
0.122776
0.367534
0.408918
0.881191
0.405042
0.321635
0.677084
0.085696
0.563555
0.133488
0.568773
0.860317
0.595508
0.855007
0.298074
0.9541
0.580462
0.767388
0.961058
0.759087
0.80163
0.142766
0.876553
0.412671
0.0641499
0.413648
0.702902
0.573473
0.992431
0.406781
0.360546
0.777367
0.586505
0.798029
0.293069
0.780053
0.820215
0.444014
0.0971709
0.791894
0.560869
0.74691
0.0531022
0.0117801
0.593158
0.708884
0.586627
0.3661
0.0271615
0.831965
0.193884
0.858821
0.872982
0.520127
0.860775
0.439314
0.0620441
0.139531
0.506943
0.794122
0.697562
0.393017
0.48735
0.968505
0.814112
0.165441
0.680898
0.224494
0.428694
0.496109
0.198767
0.0416272
0.163915
0.834162
0.242866
0.666219
0.224616
0.233528
0.146001
0.11594
0.00933866
0.643635
0.124912
0.0457472
0.137791
0.951903
0.77752
0.381207
0.175573
0.93466
0.855403
0.125736
0.837458
0.772332
0.34315
0.248024
0.950346
0.28544
0.375378
0.0556047
0.957335
0.547533
0.0230415
0.961119
0.244026
0.0312204
0.480056
0.0473952
0.0683004
0.943876
0.6816
0.337565
0.374889
0.908719
0.885189
0.17658
0.276009
0.648213
0.246193
0.630177
0.479171
0.825526
0.918424
0.30781
0.443556
0.700217
0.711417
0.51561
0.54622
0.754997
0.83578
0.145634
0.0391552
0.949156
0.767571
0.207831
0.0787683
0.755394
0.763024
0.410504
0.608783
0.636006
0.0549028
0.696341
0.377941
0.114719
0.262062
0.139256
0.873806
0.100589
0.0424512
0.109317
0.453536
0.620075
0.522416
0.111057
0.453658
0.613453
0.531785
0.202155
0.559069
0.952208
0.177526
0.398236
0.213507
0.332957
0.786065
0.970519
0.352
0.205084
0.746239
0.0419019
0.236946
0.387371
0.283853
0.388714
0.678945
0.530503
0.699149
0.852962
0.423597
0.081698
0.098178
0.272988
0.985687
0.907407
0.150029
0.337535
0.711692
0.230079
0.900296
0.269814
0.352367
0.0365307
0.172369
0.748161
0.925932
0.612384
0.588519
0.969115
0.153813
0.360118
0.740532
0.259255
0.249947
0.556566
0.542436
0.142491
0.344493
0.206061
0.296274
0.268105
0.324076
0.645558
0.50148
0.106784
0.368755
0.0578021
0.940275
0.82046
0.967956
0.549333
0.0690329
0.211982
0.695914
0.948698
0.248299
0.161473
0.528214
0.981964
0.841273
0.454817
0.98056
0.981414
0.712943
0.41139
0.8511
0.783502
0.160985
0.216742
0.84756
0.972747
0.809565
0.366405
0.880184
0.127293
0.49678
0.127537
0.302255
0.222999
0.688192
0.424329
0.878933
0.851772
0.446547
0.0533769
0.76574
0.410504
0.489547
0.635517
0.27842
0.917478
0.366741
0.21012
0.734794
0.611194
0.286721
0.878475
0.150029
0.989349
0.626118
0.401746
0.0671712
0.443068
0.651387
0.160802
0.303079
0.143406
0.484664
0.383374
0.891903
0.335795
0.845271
0.0449232
0.00729392
0.699087
0.597491
0.349864
0.144078
0.92526
0.636586
0.198828
0.340861
0.176061
0.143742
0.548814
0.725333
0.572985
0.741478
0.0718406
0.162664
0.376415
0.580615
0.0189825
0.288888
0.0108036
0.890316
0.695517
0.710196
0.591571
0.0220344
0.453627
0.649648
0.110294
0.51915
0.609241
0.822169
0.934385
0.242805
0.188574
0.819514
0.777306
0.0861232
0.911252
0.786126
0.796075
0.307291
0.315744
0.667318
0.971557
0.0129704
0.434156
0.81106
0.428449
0.823572
0.921323
0.20423
0.8511
0.251198
0.0458998
0.125248
0.650777
0.822077
0.448866
0.493698
0.0418714
0.473739
0.0755028
0.698721
0.681845
0.259682
0.187963
0.186743
0.0323191
0.891202
0.863826
0.59093
0.0970183
0.148625
0.887265
0.682089
0.692801
0.693258
0.439253
0.923612
0.910306
0.310251
0.492691
0.911191
0.920133
0.115177
0.318705
0.478133
0.781213
0.754082
0.0109561
0.748558
0.407147
0.129246
0.433241
0.918424
0.347056
0.6816
0.497696
0.0468764
0.537278
0.760949
0.178838
0.638447
0.6798
0.115238
0.170721
0.297159
0.404035
0.030549
0.592303
0.234931
0.868099
0.152287
0.648457
0.913816
0.955535
0.519608
0.651906
0.60506
0.724326
0.843776
0.312998
0.144871
0.263955
0.562059
0.703207
0.669057
0.616779
0.698233
0.798639
0.607166
0.920316
0.0608844
0.00991852
0.717887
0.426435
0.810968
0.604907
0.446455
0.553728
0.929533
0.42967
0.385876
0.6292
0.617512
0.835108
0.122593
0.476028
0.158055
0.214576
0.248421
0.502823
0.272958
0.059328
0.819666
0.45143
0.504837
0.937376
0.0445875
0.458998
0.655538
0.302927
0.481124
0.590869
0.812799
0.541887
0.524857
0.50029
0.995727
0.159764
0.470046
0.371563
0.950865
0.518967
0.923612
0.802332
0.129948
0.030427
0.854152
0.781762
0.380383
0.207282
0.0569475
0.420698
0.379833
0.485549
0.31608
0.589923
0.346507
0.219001
0.04532
0.12299
0.0556963
0.754082
0.688528
0.739586
0.694601
0.990753
0.661153
0.345927
0.585803
0.336558
0.1142
0.868618
0.311655
0.45909
0.301431
0.277322
0.269967
0.743522
0.831385
0.953978
0.192694
0.86166
0.585528
0.0630818
0.658773
0.358501
0.583666
0.0810572
0.132206
0.662648
0.577715
0.139286
0.557207
0.426649
0.655385
0.338389
0.0405286
0.603839
0.634816
0.68923
0.653737
0.167699
0.531602
0.837062
0.885189
0.880154
0.879055
0.225349
0.774102
0.0145573
0.183447
0.85522
0.257363
0.440596
0.295358
0.296487
0.760399
0.976287
0.978088
0.107669
0.563433
0.413984
0.454482
0.319651
0.9747
0.12656
0.213965
0.140477
0.84109
0.659719
0.860195
0.537187
0.428236
0.216956
0.281014
0.850398
0.200964
0.443525
0.922239
0.0987884
0.535203
0.415143
0.445723
0.129246
0.893002
0.23835
0.553911
0.268593
0.491562
0.168218
0.261269
0.6339
0.997772
0.650075
0.394635
0.757103
0.279122
0.191015
0.602863
0.680319
0.742973
0.468215
0.657796
0.178167
0.294382
0.579272
0.327586
0.263344
0.444807
0.841884
0.603198
0.631306
0.602313
0.0480361
0.559893
0.201209
